m = 9

b = 0: [1, 0, 8.0, 0, 216.00000000000006, 0, 8000.000000000002, 0, 343000.0, 0, 16003008.0, 0, 788889024.0]

b = 1: [1, 0, 0, 0, 0, 0, 0, 0, 0, 0, 0, 0, 0]

b = 2: [1, 0, 2.0, 0, 6.0, 0, 20.0, 0, 70.0, 0, 251.99999999999997, 0, 924.0000000000001]

b = 3: [1, 0, 0, 0, 0, 0, 0, 0, 0, 0, 0, 0, 0]

b = 4: [1, 0, 2.0, 0, 6.0, 0, 20.0, 0, 70.0, 0, 251.99999999999997, 0, 924.0000000000001]

b = 5: [1, 0, 0, 0, 0, 0, 0, 0, 0, 0, 0, 0, 0]

Average Moment Stats
M = ['1.0', '0.0', '2.0', '0.0', '38.00000000000001', '0.0', '1340.0000000000002', '0.0', '57190.0', '0.0', '2667252.0', '0.0', '131481812.0']
